%YAML:1.0
homography: !!opencv-matrix
   rows: 3
   cols: 3
   dt: d
   data: [ 8.9440663902855738e-02, 2.2857857430697282e-02,
       1.2056153156381644e+02, -2.6203546664764560e-01,
       7.2575885849175759e-01, 5.1253555121742778e+01,
       -1.5195333504602528e-03, 9.1166842307972978e-05,
       9.9999999999999989e-01 ]
