%YAML:1.0
homography_inv: !!opencv-matrix
   rows: 3
   cols: 3
   dt: d
   data: [ 3.6275456102835886e+00, -5.9697145470364303e-02,
       -4.3428276365741272e+02, 9.2641757900532096e-01,
       1.3715509835129884e+00, -1.8198718612828790e+02,
       5.4277179698050924e-03, -2.1575177570076965e-04,
       3.5668405419234284e-01 ]
