%YAML:1.0
homography_inv: !!opencv-matrix
   rows: 3
   cols: 3
   dt: d
   data: [ 1.0113254473853956e+00, -1.4325980836129907e-03,
       -1.6662420365109185e+02, -6.1907212446991412e-02,
       9.2508191429402775e-01, 3.9173629378979015e+01,
       -2.4509574002058883e-04, -2.2110804650276768e-05,
       1.0396780840645639e+00 ]
