%YAML:1.0
homography: !!opencv-matrix
   rows: 3
   cols: 3
   dt: d
   data: [ 1.0290584994022136e+00, 5.5305193988902431e-03,
       1.6471387161166851e+02, 5.8539847418760844e-02,
       1.0803273358188543e+00, -3.1323337196860443e+01,
       2.4383722370572962e-04, 2.4279066580618923e-05, 1. ]
