%YAML:1.0
homography_inv: !!opencv-matrix
   rows: 3
   cols: 3
   dt: d
   data: [ 1.0152090873078996e+00, 6.2755231994171511e-03,
       -1.6813800926313888e+02, -5.4237781208259249e-02,
       9.3956870672581627e-01, 3.4398130943580320e+01,
       -2.3187353456165206e-04, -1.8692559314695321e-06,
       1.0383908970834170e+00 ]
