%YAML:1.0
homography: !!opencv-matrix
   rows: 3
   cols: 3
   dt: d
   data: [ 1.0225370495478894e+00, -6.4998525524842593e-03,
       1.6578624405465163e+02, 5.0664483045132873e-02,
       1.0639259283522937e+00, -2.7040335346778509e+01,
       2.2842456097273039e-04, 4.6380035504487234e-07, 1. ]
